seconds <- c(16, 43, 37, 24, 10, 01, 09, 35, 13, 02, 
55, 53, 50, 37, 44, 48, 52, 42, 20, 30, 47, 
25, 35, 18, 08, 16, 12, 13, 31, 56, 35, 15, 
22, 34, 09, 40, 01, 00, 40, 12, 23, 09, 43, 
37, 03, 24, 06, 24, 27, 38)

minutes <- c(04, 20, 01, 20, 47, 45, 49, 03, 09, 39, 
23, 11, 07, 07, 38, 30, 29, 53, 11, 46, 13, 
09, 08, 54, 40, 27, 43, 43, 39, 55, 12, 26, 
02, 09, 42, 45, 26, 21, 29, 01, 51, 39, 11, 
33, 53, 13, 20, 47, 14, 04)

hours <- c(11, 05, 16, 15, 11, 04, 05, 11, 10, 02, 
01, 22, 08, 21, 17, 21, 11, 23, 19, 07, 17, 
23, 18, 17, 18, 03, 01, 09, 13, 23, 23, 16, 
08, 13, 17, 21, 14, 03, 18, 21, 10, 05, 07, 
01, 13, 15, 14, 22, 11, 06)

months <- c("Jul", "Jan", "Aug", "Sep", "Mar", "Mar", "Nov", "Apr", "Dec", 
"Sep", "Dec", "Oct", "Apr", "May", "Jan", "Nov", "Jul", "May", 
"Oct", "Oct", "Oct", "Jul", "Feb", "Nov", "Feb", "Oct", "Jul", 
"Jul", "Sep", "May", "Oct", "Nov", "Oct", "Jun", "Feb", "Sep", 
"Feb", "Jan", "Jan", "Aug", "Sep", "Mar", "Oct", "Oct", "Aug", 
"Dec", "Feb", "Jan", "Dec", "Nov")

days <- c(14, 16, 03, 18, 23, 25, 19, 11, 20, 09, 
11, 07, 09, 08, 12, 22, 17, 09, 21, 10, 25, 
20, 08, 06, 04, 23, 14, 24, 26, 14, 09, 18, 
23, 26, 10, 19, 08, 12, 06, 18, 11, 18, 25, 
01, 16, 20, 18, 23, 21, 23)

years <- c(2008, 2004, 2012, 2004, 2009, 2013, 2012, 2000, 2003, 2007, 
2005, 2012, 2012, 2009, 2007, 2011, 1999, 2003, 2002, 2012, 2012, 
2012, 2003, 1999, 2009, 2010, 2007, 2004, 2003, 2004, 2004, 2007, 
2009, 2005, 2008, 2010, 2013, 2014, 2005, 2009, 2001, 2000, 2008, 
2012, 2011, 2008, 2014, 2014, 2004, 2001)

 



